"B8.spc - RawData"
"Wavelength nm."	"Abs."
220.00	2.657
222.00	2.531
224.00	2.390
226.00	2.227
228.00	2.048
230.00	1.842
232.00	1.627
234.00	1.411
236.00	1.206
238.00	1.019
240.00	0.859
242.00	0.716
244.00	0.603
246.00	0.515
248.00	0.443
250.00	0.389
252.00	0.349
254.00	0.319
256.00	0.300
258.00	0.290
260.00	0.283
262.00	0.278
264.00	0.276
266.00	0.275
268.00	0.267
270.00	0.252
272.00	0.235
274.00	0.214
276.00	0.188
278.00	0.158
280.00	0.125
282.00	0.098
284.00	0.081
286.00	0.072
288.00	0.068
290.00	0.066
292.00	0.065
294.00	0.064
296.00	0.062
298.00	0.060
300.00	0.057
302.00	0.053
304.00	0.049
306.00	0.041
308.00	0.035
310.00	0.029
312.00	0.023
314.00	0.019
316.00	0.016
318.00	0.013
320.00	0.010
322.00	0.009
324.00	0.008
326.00	0.008
328.00	0.007
330.00	0.006
332.00	0.006
334.00	0.006
336.00	0.006
338.00	0.005
340.00	0.005
342.00	0.005
344.00	0.005
346.00	0.005
348.00	0.005
350.00	0.005
352.00	0.004
354.00	0.005
356.00	0.005
358.00	0.004
360.00	0.004
362.00	0.004
364.00	0.003
366.00	0.005
368.00	0.004
370.00	0.004
372.00	0.004
374.00	0.004
376.00	0.004
378.00	0.005
380.00	0.005
382.00	0.004
384.00	0.004
386.00	0.004
388.00	0.005
390.00	0.005
392.00	0.005
394.00	0.005
396.00	0.004
398.00	0.004
400.00	0.004
