"D5.spc - RawData"
"Wavelength nm."	"Abs."
220.00	0.323
222.00	0.304
224.00	0.284
226.00	0.262
228.00	0.238
230.00	0.212
232.00	0.186
234.00	0.160
236.00	0.136
238.00	0.114
240.00	0.094
242.00	0.077
244.00	0.064
246.00	0.054
248.00	0.045
250.00	0.039
252.00	0.034
254.00	0.031
256.00	0.029
258.00	0.028
260.00	0.027
262.00	0.027
264.00	0.027
266.00	0.027
268.00	0.025
270.00	0.024
272.00	0.022
274.00	0.019
276.00	0.016
278.00	0.013
280.00	0.009
282.00	0.006
284.00	0.004
286.00	0.002
288.00	0.002
290.00	0.002
292.00	0.002
294.00	0.001
296.00	0.001
298.00	0.001
300.00	0.001
302.00	0.000
304.00	0.002
306.00	-0.001
308.00	-0.001
310.00	-0.002
312.00	-0.003
314.00	-0.003
316.00	-0.003
318.00	-0.003
320.00	-0.004
322.00	-0.003
324.00	-0.003
326.00	-0.003
328.00	-0.003
330.00	-0.003
332.00	-0.004
334.00	-0.004
336.00	-0.003
338.00	-0.004
340.00	-0.004
342.00	-0.003
344.00	-0.003
346.00	-0.003
348.00	-0.003
350.00	-0.003
352.00	-0.003
354.00	-0.003
356.00	-0.003
358.00	-0.004
360.00	-0.003
362.00	-0.003
364.00	-0.005
366.00	-0.004
368.00	-0.004
370.00	-0.004
372.00	-0.004
374.00	-0.004
376.00	-0.003
378.00	-0.003
380.00	-0.003
382.00	-0.003
384.00	-0.003
386.00	-0.003
388.00	-0.003
390.00	-0.003
392.00	-0.003
394.00	-0.003
396.00	-0.003
398.00	-0.003
400.00	-0.003
