"D8.spc - RawData"
"Wavelength nm."	"Abs."
220.00	0.897
222.00	0.851
224.00	0.799
226.00	0.742
228.00	0.681
230.00	0.612
232.00	0.540
234.00	0.468
236.00	0.398
238.00	0.337
240.00	0.283
242.00	0.237
244.00	0.199
246.00	0.169
248.00	0.146
250.00	0.127
252.00	0.114
254.00	0.104
256.00	0.098
258.00	0.094
260.00	0.092
262.00	0.090
264.00	0.089
266.00	0.089
268.00	0.086
270.00	0.080
272.00	0.075
274.00	0.068
276.00	0.059
278.00	0.049
280.00	0.038
282.00	0.030
284.00	0.024
286.00	0.021
288.00	0.019
290.00	0.018
292.00	0.018
294.00	0.018
296.00	0.017
298.00	0.017
300.00	0.016
302.00	0.014
304.00	0.014
306.00	0.011
308.00	0.009
310.00	0.007
312.00	0.005
314.00	0.004
316.00	0.003
318.00	0.003
320.00	0.002
322.00	0.002
324.00	0.001
326.00	0.001
328.00	0.001
330.00	0.000
332.00	0.001
334.00	0.000
336.00	0.001
338.00	0.001
340.00	0.000
342.00	0.000
344.00	0.000
346.00	0.001
348.00	0.000
350.00	0.000
352.00	0.000
354.00	0.000
356.00	-0.000
358.00	0.000
360.00	0.000
362.00	-0.000
364.00	-0.001
366.00	0.000
368.00	0.001
370.00	0.000
372.00	0.000
374.00	0.000
376.00	0.000
378.00	0.000
380.00	0.000
382.00	0.001
384.00	0.000
386.00	0.000
388.00	0.001
390.00	0.001
392.00	0.001
394.00	0.001
396.00	0.000
398.00	0.001
400.00	0.000
