"A5.spc - RawData"
"Wavelength nm."	"Abs."
220.00	2.368
222.00	2.259
224.00	2.131
226.00	1.987
228.00	1.819
230.00	1.633
232.00	1.440
234.00	1.248
236.00	1.066
238.00	0.901
240.00	0.757
242.00	0.631
244.00	0.532
246.00	0.453
248.00	0.390
250.00	0.340
252.00	0.304
254.00	0.278
256.00	0.260
258.00	0.251
260.00	0.244
262.00	0.239
264.00	0.237
266.00	0.236
268.00	0.228
270.00	0.214
272.00	0.197
274.00	0.178
276.00	0.154
278.00	0.126
280.00	0.095
282.00	0.070
284.00	0.054
286.00	0.045
288.00	0.041
290.00	0.039
292.00	0.038
294.00	0.038
296.00	0.037
298.00	0.036
300.00	0.034
302.00	0.032
304.00	0.030
306.00	0.024
308.00	0.021
310.00	0.017
312.00	0.013
314.00	0.011
316.00	0.009
318.00	0.007
320.00	0.005
322.00	0.005
324.00	0.004
326.00	0.004
328.00	0.004
330.00	0.003
332.00	0.003
334.00	0.003
336.00	0.003
338.00	0.003
340.00	0.003
342.00	0.003
344.00	0.003
346.00	0.003
348.00	0.003
350.00	0.002
352.00	0.003
354.00	0.003
356.00	0.002
358.00	0.002
360.00	0.003
362.00	0.003
364.00	0.001
366.00	0.003
368.00	0.002
370.00	0.003
372.00	0.003
374.00	0.003
376.00	0.003
378.00	0.003
380.00	0.003
382.00	0.003
384.00	0.003
386.00	0.003
388.00	0.003
390.00	0.003
392.00	0.003
394.00	0.003
396.00	0.003
398.00	0.003
400.00	0.003
